e1 0 7 10.0
e2 0 9 10.0
e3 0 1 10.0
e4 0 5 10.0
e5 0 6 10.0
e6 0 2 10.0
e7 1 16 10.0
e8 1 4 10.0
e9 1 10 10.0
e10 1 19 10.0
e11 1 14 10.0
e12 2 7 10.0
e13 2 17 10.0
e14 2 19 10.0
e15 2 10 10.0
e16 2 14 10.0
e17 2 13 10.0
e18 3 16 10.0
e19 3 17 10.0
e20 3 6 10.0
e21 3 18 10.0
e22 3 11 10.0
e23 4 7 10.0
e24 4 15 10.0
e25 4 18 10.0
e26 4 5 10.0
e27 4 19 10.0
e28 5 18 10.0
e29 5 11 10.0
e30 5 13 10.0
e31 6 15 10.0
e32 6 8 10.0
e33 6 18 10.0
e34 6 9 10.0
e35 7 10 10.0
e36 7 8 10.0
e37 7 19 10.0
e38 7 16 10.0
e39 7 14 10.0
e40 8 11 10.0
e41 8 12 10.0
e42 8 16 10.0
e43 8 9 10.0
e44 9 16 10.0
e45 9 14 10.0
e46 9 17 10.0
e47 10 18 10.0
e48 10 12 10.0
e49 11 12 10.0
e50 11 15 10.0
e51 12 16 10.0
e52 12 19 10.0
e53 12 15 10.0
e54 12 18 10.0
e55 13 14 10.0
e56 14 18 10.0
e57 14 19 10.0
e58 15 19 10.0
e59 15 16 10.0
e60 16 19 10.0
e61 18 19 10.0
e62 20 25 10.0
e63 20 39 10.0
e64 20 26 10.0
e65 20 29 10.0
e66 20 21 10.0
e67 20 24 10.0
e68 21 33 10.0
e69 21 31 10.0
e70 21 26 10.0
e71 21 32 10.0
e72 21 28 10.0
e73 21 36 10.0
e74 22 25 10.0
e75 22 33 10.0
e76 22 24 10.0
e77 22 23 10.0
e78 22 31 10.0
e79 23 31 10.0
e80 23 27 10.0
e81 23 25 10.0
e82 23 39 10.0
e83 23 24 10.0
e84 24 26 10.0
e85 24 29 10.0
e86 24 27 10.0
e87 24 30 10.0
e88 24 36 10.0
e89 25 31 10.0
e90 25 33 10.0
e91 25 35 10.0
e92 25 29 10.0
e93 25 26 10.0
e94 26 28 10.0
e95 26 36 10.0
e96 26 32 10.0
e97 26 37 10.0
e98 27 29 10.0
e99 27 36 10.0
e100 27 28 10.0
e101 27 37 10.0
e102 27 34 10.0
e103 28 31 10.0
e104 28 34 10.0
e105 29 35 10.0
e106 29 34 10.0
e107 29 38 10.0
e108 30 31 10.0
e109 30 38 10.0
e110 30 37 10.0
e111 31 39 10.0
e112 31 38 10.0
e113 32 33 10.0
e114 32 37 10.0
e115 32 39 10.0
e116 33 34 10.0
e117 33 37 10.0
e118 35 39 10.0
e119 35 37 10.0
e120 36 37 10.0
e121 37 39 10.0
e122 40 49 10.0
e123 40 50 10.0
e124 40 42 10.0
e125 40 45 10.0
e126 40 52 10.0
e127 41 43 10.0
e128 41 46 10.0
e129 41 52 10.0
e130 41 50 10.0
e131 41 55 10.0
e132 41 53 10.0
e133 42 59 10.0
e134 42 46 10.0
e135 42 45 10.0
e136 42 51 10.0
e137 42 49 10.0
e138 43 56 10.0
e139 43 57 10.0
e140 43 49 10.0
e141 43 52 10.0
e142 44 49 10.0
e143 44 52 10.0
e144 44 50 10.0
e145 44 54 10.0
e146 45 49 10.0
e147 45 46 10.0
e148 45 59 10.0
e149 45 48 10.0
e150 45 57 10.0
e151 46 48 10.0
e152 46 57 10.0
e153 46 49 10.0
e154 46 58 10.0
e155 47 59 10.0
e156 47 57 10.0
e157 47 52 10.0
e158 47 50 10.0
e159 48 54 10.0
e160 48 50 10.0
e161 48 51 10.0
e162 48 59 10.0
e163 49 58 10.0
e164 49 51 10.0
e165 49 50 10.0
e166 49 54 10.0
e167 51 58 10.0
e168 52 55 10.0
e169 52 54 10.0
e170 52 58 10.0
e171 53 56 10.0
e172 56 58 10.0
e173 56 57 10.0
e174 57 59 10.0
e175 0 20 15.0
e176 20 40 15.0
e177 40 0 15.0
e178 60 31 20.0
e179 60 1 20.0
e180 60 52 20.0
e181 60 57 20.0
e182 60 21 20.0
e183 60 46 20.0
e184 60 15 20.0
e185 60 35 20.0
e186 60 22 20.0
e187 60 25 20.0
e188 60 38 20.0
e189 60 11 20.0
e190 60 37 20.0
e191 60 44 20.0
e192 60 13 20.0
