---STEP---
V 0 -0.499330 12.691210
V 1 66.286416 46.413955
V 2 50.018037 28.512568
V 3 19.366104 64.759845
V 4 60.462043 88.574067
V 5 44.189079 53.260463
---STEP---
V 0 -1.049890 12.215400
V 1 61.729745 47.005469
V 2 48.394453 32.567461
V 3 27.634308 62.907945
V 4 56.358984 84.884462
V 5 46.754748 54.631373
---STEP---
V 0 -1.613229 11.738677
V 1 59.615180 47.397741
V 2 47.465385 35.117071
V 3 32.381940 61.805579
V 4 53.996496 82.220886
V 5 47.976576 55.932155
---STEP---
V 0 -2.175467 11.264229
V 1 58.692503 47.563342
V 2 46.855917 36.795650
V 3 35.145519 61.135685
V 4 52.563248 80.379907
V 5 48.740628 57.073297
---STEP---
V 0 -2.732251 10.793307
V 1 58.329184 47.583440
V 2 46.403673 37.967097
V 3 36.766473 60.696736
V 4 51.644134 79.165459
V 5 49.411137 58.006071
---STEP---
V 0 -3.282405 10.326510
V 1 58.230209 47.527844
V 2 46.037497 38.835510
V 3 37.728152 60.370583
V 4 51.016682 78.403156
V 5 50.092213 58.748506
---STEP---
V 0 -3.825758 9.864118
V 1 58.255052 47.434400
V 2 45.729549 39.515536
V 3 38.318374 60.102711
V 4 50.555484 77.951095
V 5 50.789647 59.344250
---STEP---
V 0 -4.362440 9.406249
V 1 58.333273 47.323100
V 2 45.470843 40.072316
V 3 38.704946 59.877828
V 4 50.188668 77.702617
V 5 51.487060 59.830000
---STEP---
V 0 -4.892653 8.952948
V 1 58.429446 47.205811
V 2 45.258572 40.543690
V 3 38.980769 59.696367
V 4 49.876126 77.582047
V 5 52.170088 60.231246
---STEP---
V 0 -5.416601 8.504220
V 1 58.526693 47.090317
V 2 45.090614 40.952719
V 3 39.195062 59.560496
V 4 49.596972 77.537914
V 5 52.829608 60.566442
---STEP---
V 0 -5.934475 8.060038
V 1 58.617963 46.981997
V 2 44.963899 41.314471
V 3 39.373323 59.469204
V 4 49.341647 77.536511
V 5 53.459991 60.849888
---STEP---
V 0 -6.446452 7.620352
V 1 58.701277 46.884610
V 2 44.874406 41.639443
V 3 39.528762 59.418174
V 4 49.106848 77.556659
V 5 54.057508 61.092873
---STEP---
V 0 -6.952704 7.185089
V 1 58.777139 46.800688
V 2 44.817606 41.935234
V 3 39.668374 59.401168
V 4 48.892344 77.585735
V 5 54.619589 61.304196
---STEP---
V 0 -7.453394 6.754162
V 1 58.847140 46.731758
V 2 44.788901 42.207402
V 3 39.796038 59.411414
V 4 48.699063 77.616777
V 5 55.144600 61.490596
---STEP---
V 0 -7.948685 6.327476
V 1 58.913198 46.678493
V 2 44.783921 42.459982
V 3 39.914071 59.442540
V 4 48.528029 77.646425
V 5 55.631815 61.657193
---STEP---
V 0 -8.438736 5.904925
V 1 58.977150 46.640862
V 2 44.798691 42.695873
V 3 40.023999 59.489056
V 4 48.379846 77.673507
V 5 56.081399 61.807887
---STEP---
V 0 -8.923702 5.486403
V 1 59.040550 46.618282
V 2 44.829711 42.917142
V 3 40.126948 59.546502
V 4 48.254511 77.698089
V 5 56.494330 61.945691
---STEP---
V 0 -9.403737 5.071805
V 1 59.104590 46.609775
V 2 44.873962 43.125284
V 3 40.223835 59.611412
V 4 48.151430 77.720858
V 5 56.872269 62.072975
---STEP---
V 0 -9.878990 4.661026
V 1 59.170099 46.614113
V 2 44.928885 43.321412
V 3 40.315457 59.681182
V 4 48.069512 77.742738
V 5 57.217386 62.191639
---STEP---
V 0 -10.349603 4.253965
V 1 59.237577 46.629945
V 2 44.992342 43.506403
V 3 40.402535 59.753908
V 4 48.007311 77.764665
V 5 57.532187 62.303223
---STEP---
V 0 -10.815716 3.850524
V 1 59.307263 46.655890
V 2 45.062562 43.681000
V 3 40.485730 59.828238
V 4 47.963161 77.787467
V 5 57.819349 62.408990
---STEP---
V 0 -11.277461 3.450610
V 1 59.379191 46.690611
V 2 45.138089 43.845870
V 3 40.565650 59.903230
V 4 47.935293 77.811812
V 5 58.081587 62.509976
---STEP---
V 0 -11.734967 3.054134
V 1 59.453261 46.732856
V 2 45.217734 44.001648
V 3 40.642847 59.978250
V 4 47.921929 77.838195
V 5 58.321545 62.607025
---STEP---
V 0 -12.188354 2.661009
V 1 59.529278 46.781488
V 2 45.300534 44.148950
V 3 40.717817 60.052884
V 4 47.921346 77.866949
V 5 58.541727 62.700830
---STEP---
V 0 -12.637739 2.271153
V 1 59.607005 46.835490
V 2 45.385706 44.288378
V 3 40.791002 60.126876
V 4 47.931927 77.898266
V 5 58.744448 62.791946
---STEP---
V 0 -13.083233 1.884489
V 1 59.686181 46.893970
V 2 45.472619 44.420527
V 3 40.862787 60.200078
V 4 47.952177 77.932224
V 5 58.931816 62.880822
---STEP---
V 0 -13.524942 1.500939
V 1 59.766551 46.956151
V 2 45.560768 44.545973
V 3 40.933504 60.272420
V 4 47.980748 77.968811
V 5 59.105720 62.967814
---STEP---
V 0 -13.962966 1.120433
V 1 59.847869 47.021366
V 2 45.649744 44.665273
V 3 41.003433 60.343879
V 4 48.016431 78.007951
V 5 59.267836 63.053207
---STEP---
V 0 -14.397401 0.742900
V 1 59.929916 47.089041
V 2 45.739224 44.778959
V 3 41.072811 60.414468
V 4 48.058159 78.049518
V 5 59.419640 63.137223
---STEP---
V 0 -14.828340 0.368273
V 1 60.012496 47.158690
V 2 45.828947 44.887533
V 3 41.141827 60.484218
V 4 48.104997 78.093358
V 5 59.562421 63.220037
---STEP---
V 0 -15.255870 -0.003512
V 1 60.095437 47.229898
V 2 45.918709 44.991466
V 3 41.210637 60.553172
V 4 48.156130 78.139299
V 5 59.697305 63.301787
---STEP---
V 0 -15.680073 -0.372518
V 1 60.178595 47.302316
V 2 46.008347 45.091194
V 3 41.279362 60.621378
V 4 48.210854 78.187160
V 5 59.825265 63.382579
---STEP---
V 0 -16.101031 -0.738804
V 1 60.261846 47.375648
V 2 46.097735 45.187118
V 3 41.348093 60.688886
V 4 48.268560 78.236760
V 5 59.947145 63.462500
---STEP---
V 0 -16.518819 -1.102429
V 1 60.345089 47.449647
V 2 46.186775 45.279608
V 3 41.416897 60.755746
V 4 48.328730 78.287923
V 5 60.063677 63.541614
---STEP---
V 0 -16.933511 -1.463447
V 1 60.428239 47.524103
V 2 46.275391 45.368996
V 3 41.485822 60.822002
V 4 48.390918 78.340478
V 5 60.175489 63.619976
---STEP---
V 0 -17.345177 -1.821915
V 1 60.511228 47.598843
V 2 46.363526 45.455588
V 3 41.554897 60.887699
V 4 48.454746 78.394267
V 5 60.283128 63.697627
---STEP---
V 0 -17.753885 -2.177883
V 1 60.593999 47.673720
V 2 46.451140 45.539656
V 3 41.624137 60.952875
V 4 48.519892 78.449139
V 5 60.387065 63.774602
---STEP---
V 0 -18.159698 -2.531403
V 1 60.676508 47.748614
V 2 46.538200 45.621446
V 3 41.693548 61.017565
V 4 48.586083 78.504958
V 5 60.487708 63.850929
---STEP---
V 0 -18.562680 -2.882523
V 1 60.758717 47.823425
V 2 46.624688 45.701178
V 3 41.763125 61.081799
V 4 48.653089 78.561598
V 5 60.585409 63.926633
---STEP---
V 0 -18.962890 -3.231292
V 1 60.840599 47.898070
V 2 46.710590 45.779050
V 3 41.832856 61.145604
V 4 48.720717 78.618944
V 5 60.680477 64.001733
---STEP---
V 0 -19.360386 -3.577754
V 1 60.922132 47.972481
V 2 46.795898 45.855236
V 3 41.902725 61.209004
V 4 48.788802 78.676893
V 5 60.773178 64.076248
---STEP---
V 0 -19.755223 -3.921954
V 1 61.003297 48.046605
V 2 46.880610 45.929894
V 3 41.972713 61.272020
V 4 48.857208 78.735351
V 5 60.863744 64.150193
---STEP---
V 0 -20.147456 -4.263936
V 1 61.084081 48.120396
V 2 46.964728 46.003162
V 3 42.042797 61.334669
V 4 48.925819 78.794234
V 5 60.952379 64.223584
---STEP---
V 0 -20.537134 -4.603741
V 1 61.164475 48.193820
V 2 47.048254 46.075164
V 3 42.112954 61.396967
V 4 48.994540 78.853465
V 5 61.039260 64.296434
---STEP---
V 0 -20.924310 -4.941410
V 1 61.244471 48.266850
V 2 47.131195 46.146010
V 3 42.183158 61.458926
V 4 49.063291 78.912978
V 5 61.124543 64.368755
---STEP---
V 0 -21.309030 -5.276982
V 1 61.324063 48.339464
V 2 47.213559 46.215798
V 3 42.253385 61.520559
V 4 49.132006 78.972711
V 5 61.208366 64.440559
---STEP---
V 0 -21.691342 -5.610496
V 1 61.403249 48.411647
V 2 47.295354 46.284615
V 3 42.323610 61.581874
V 4 49.200629 79.032611
V 5 61.290848 64.511858
---STEP---
V 0 -22.071291 -5.941988
V 1 61.482026 48.483388
V 2 47.376589 46.352537
V 3 42.393811 61.642881
V 4 49.269116 79.092630
V 5 61.372098 64.582662
---STEP---
V 0 -22.448920 -6.271495
V 1 61.560394 48.554680
V 2 47.457274 46.419632
V 3 42.463963 61.703587
V 4 49.337429 79.152724
V 5 61.452208 64.652982
---STEP---
V 0 -22.824271 -6.599052
V 1 61.638353 48.625517
V 2 47.537419 46.485962
V 3 42.534047 61.763998
V 4 49.405537 79.212856
V 5 61.531264 64.722828
---STEP---
V 0 -23.197387 -6.924692
V 1 61.715903 48.695899
V 2 47.617035 46.551581
V 3 42.604040 61.824119
V 4 49.473418 79.272992
V 5 61.609339 64.792210
---STEP---
V 0 -23.568305 -7.248448
V 1 61.793046 48.765826
V 2 47.696132 46.616536
V 3 42.673924 61.883957
V 4 49.541050 79.333101
V 5 61.686501 64.861137
---STEP---
V 0 -23.937066 -7.570354
V 1 61.869784 48.835300
V 2 47.774721 46.680871
V 3 42.743683 61.943516
V 4 49.608418 79.393158
V 5 61.762809 64.929618
---STEP---
V 0 -24.303707 -7.890439
V 1 61.946120 48.904323
V 2 47.852811 46.744624
V 3 42.813298 62.002798
V 4 49.675511 79.453139
V 5 61.838316 64.997663
---STEP---
V 0 -24.668263 -8.208734
V 1 62.022056 48.972901
V 2 47.930412 46.807830
V 3 42.882756 62.061809
V 4 49.742317 79.513023
V 5 61.913070 65.065280
---STEP---
V 0 -25.030771 -8.525270
V 1 62.097595 49.041039
V 2 48.007534 46.870518
V 3 42.952044 62.120551
V 4 49.808832 79.572793
V 5 61.987115 65.132478
---STEP---
V 0 -25.391264 -8.840074
V 1 62.172741 49.108742
V 2 48.084187 46.932717
V 3 43.021147 62.179029
V 4 49.875049 79.632432
V 5 62.060488 65.199264
---STEP---
V 0 -25.749777 -9.153175
V 1 62.247496 49.176018
V 2 48.160380 46.994451
V 3 43.090057 62.237243
V 4 49.940965 79.691926
V 5 62.133227 65.265647
---STEP---
V 0 -26.106340 -9.464599
V 1 62.321865 49.242872
V 2 48.236122 47.055742
V 3 43.158762 62.295198
V 4 50.006578 79.751262
V 5 62.205361 65.331634
---STEP---
V 0 -26.460986 -9.774375
V 1 62.395851 49.309312
V 2 48.311421 47.116611
V 3 43.227254 62.352897
V 4 50.071887 79.810432
V 5 62.276921 65.397232
---STEP---
V 0 -26.813746 -10.082526
V 1 62.469458 49.375346
V 2 48.386286 47.177075
V 3 43.295525 62.410341
V 4 50.136892 79.869424
V 5 62.347933 65.462450
---STEP---
V 0 -27.164650 -10.389079
V 1 62.542690 49.440979
V 2 48.460725 47.237151
V 3 43.363569 62.467533
V 4 50.201594 79.928231
V 5 62.418420 65.527294
---STEP---
V 0 -27.513726 -10.694058
V 1 62.615551 49.506220
V 2 48.534746 47.296855
V 3 43.431379 62.524477
V 4 50.265994 79.986846
V 5 62.488406 65.591770
---STEP---
V 0 -27.861003 -10.997487
V 1 62.688044 49.571076
V 2 48.608356 47.356199
V 3 43.498950 62.581173
V 4 50.330094 80.045263
V 5 62.557908 65.655886
---STEP---
V 0 -28.206508 -11.299390
V 1 62.760173 49.635553
V 2 48.681563 47.415195
V 3 43.566277 62.637625
V 4 50.393896 80.103478
V 5 62.626947 65.719647
---STEP---
V 0 -28.550269 -11.599789
V 1 62.831944 49.699659
V 2 48.754373 47.473857
V 3 43.633358 62.693836
V 4 50.457403 80.161486
V 5 62.695540 65.783061
---STEP---
V 0 -28.892311 -11.898706
V 1 62.903359 49.763401
V 2 48.826794 47.532193
V 3 43.700188 62.749806
V 4 50.520618 80.219283
V 5 62.763701 65.846132
---STEP---
V 0 -29.232661 -12.196163
V 1 62.974422 49.826785
V 2 48.898832 47.590213
V 3 43.766766 62.805539
V 4 50.583543 80.276867
V 5 62.831445 65.908868
---STEP---
V 0 -29.571342 -12.492182
V 1 63.045139 49.889819
V 2 48.970494 47.647927
V 3 43.833089 62.861038
V 4 50.646183 80.334235
V 5 62.898786 65.971272
---STEP---
V 0 -29.908380 -12.786783
V 1 63.115512 49.952507
V 2 49.041786 47.705342
V 3 43.899155 62.916304
V 4 50.708539 80.391387
V 5 62.965736 66.033352
---STEP---
V 0 -30.243798 -13.079985
V 1 63.185546 50.014858
V 2 49.112713 47.762466
V 3 43.964965 62.971339
V 4 50.770616 80.448319
V 5 63.032307 66.095112
---STEP---
V 0 -30.577620 -13.371810
V 1 63.255244 50.076876
V 2 49.183283 47.819306
V 3 44.030516 63.026147
V 4 50.832417 80.505033
V 5 63.098509 66.156557
---STEP---
V 0 -30.909867 -13.662275
V 1 63.324612 50.138568
V 2 49.253499 47.875869
V 3 44.095808 63.080729
V 4 50.893945 80.561526
V 5 63.164352 66.217693
---STEP---
V 0 -31.240563 -13.951401
V 1 63.393652 50.199939
V 2 49.323369 47.932161
V 3 44.160842 63.135087
V 4 50.955203 80.617799
V 5 63.229845 66.278524
---STEP---
V 0 -31.569728 -14.239204
V 1 63.462368 50.260995
V 2 49.392896 47.988187
V 3 44.225618 63.189224
V 4 51.016196 80.673852
V 5 63.294998 66.339055
---STEP---
V 0 -31.897384 -14.525704
V 1 63.530765 50.321742
V 2 49.462087 48.043954
V 3 44.290136 63.243143
V 4 51.076926 80.729685
V 5 63.359818 66.399291
---STEP---
V 0 -32.223551 -14.810918
V 1 63.598846 50.382184
V 2 49.530946 48.099465
V 3 44.354397 63.296844
V 4 51.137398 80.785298
V 5 63.424314 66.459235
---STEP---
V 0 -32.548250 -15.094863
V 1 63.666615 50.442326
V 2 49.599478 48.154727
V 3 44.418401 63.350332
V 4 51.197613 80.840693
V 5 63.488491 66.518893
---STEP---
V 0 -32.871499 -15.377555
V 1 63.734076 50.502175
V 2 49.667688 48.209743
V 3 44.482151 63.403607
V 4 51.257576 80.895870
V 5 63.552358 66.578269
---STEP---
V 0 -33.193319 -15.659011
V 1 63.801232 50.561733
V 2 49.735580 48.264519
V 3 44.545646 63.456672
V 4 51.317289 80.950830
V 5 63.615921 66.637367
---STEP---
V 0 -33.513729 -15.939248
V 1 63.868087 50.621006
V 2 49.803160 48.319057
V 3 44.608889 63.509529
V 4 51.376756 81.005575
V 5 63.679185 66.696190
---STEP---
V 0 -33.832746 -16.218281
V 1 63.934645 50.679999
V 2 49.870431 48.373362
V 3 44.671881 63.562181
V 4 51.435981 81.060105
V 5 63.742157 66.754743
---STEP---
V 0 -34.150388 -16.496125
V 1 64.000909 50.738715
V 2 49.937397 48.427439
V 3 44.734624 63.614629
V 4 51.494965 81.114422
V 5 63.804842 66.813029
---STEP---
V 0 -34.466674 -16.772795
V 1 64.066882 50.797159
V 2 50.004063 48.481289
V 3 44.797119 63.666875
V 4 51.553713 81.168528
V 5 63.867246 66.871053
---STEP---
V 0 -34.781620 -17.048307
V 1 64.132569 50.855334
V 2 50.070433 48.534917
V 3 44.859368 63.718923
V 4 51.612226 81.222424
V 5 63.929372 66.928817
---STEP---
V 0 -35.095244 -17.322674
V 1 64.197973 50.913246
V 2 50.136511 48.588327
V 3 44.921373 63.770773
V 4 51.670509 81.276111
V 5 63.991227 66.986326
---STEP---
V 0 -35.407562 -17.595911
V 1 64.263096 50.970897
V 2 50.202301 48.641521
V 3 44.983136 63.822428
V 4 51.728564 81.329591
V 5 64.052814 67.043583
---STEP---
V 0 -35.718590 -17.868031
V 1 64.327943 51.028292
V 2 50.267805 48.694502
V 3 45.044659 63.873889
V 4 51.786393 81.382867
V 5 64.114138 67.100590
---STEP---
V 0 -36.028344 -18.139049
V 1 64.392516 51.085434
V 2 50.333029 48.747273
V 3 45.105944 63.925160
V 4 51.843999 81.435938
V 5 64.175204 67.157352
---STEP---
V 0 -36.336839 -18.408977
V 1 64.456819 51.142327
V 2 50.397975 48.799838
V 3 45.166993 63.976242
V 4 51.901386 81.488809
V 5 64.236015 67.213872
---STEP---
V 0 -36.644091 -18.677829
V 1 64.520854 51.198973
V 2 50.462648 48.852198
V 3 45.227808 64.027136
V 4 51.958555 81.541479
V 5 64.296574 67.270152
---STEP---
V 0 -36.950115 -18.945617
V 1 64.584626 51.255377
V 2 50.527050 48.904357
V 3 45.288391 64.077845
V 4 52.015510 81.593951
V 5 64.356887 67.326196
---STEP---
V 0 -37.254925 -19.212354
V 1 64.648137 51.311542
V 2 50.591185 48.956317
V 3 45.348744 64.128371
V 4 52.072252 81.646227
V 5 64.416955 67.382007
---STEP---
V 0 -37.558536 -19.478053
V 1 64.711389 51.367470
V 2 50.655056 49.008081
V 3 45.408870 64.178715
V 4 52.128785 81.698308
V 5 64.476784 67.437587
---STEP---
V 0 -37.860962 -19.742724
V 1 64.774387 51.423166
V 2 50.718667 49.059651
V 3 45.468770 64.228879
V 4 52.185111 81.750197
V 5 64.536375 67.492940
---STEP---
V 0 -38.162216 -20.006380
V 1 64.837133 51.478631
V 2 50.782020 49.111030
V 3 45.528447 64.278866
V 4 52.241231 81.801895
V 5 64.595733 67.548068
---STEP---
V 0 -38.462312 -20.269033
V 1 64.899629 51.533869
V 2 50.845119 49.162219
V 3 45.587903 64.328677
V 4 52.297149 81.853403
V 5 64.654860 67.602974
---STEP---
V 0 -38.761264 -20.530694
V 1 64.961879 51.588883
V 2 50.907967 49.213221
V 3 45.647139 64.378314
V 4 52.352867 81.904724
V 5 64.713760 67.657661
---STEP---
V 0 -39.059083 -20.791375
V 1 65.023886 51.643676
V 2 50.970566 49.264038
V 3 45.706159 64.427778
V 4 52.408386 81.955860
V 5 64.772435 67.712131
---STEP---
V 0 -39.355784 -21.051085
V 1 65.085651 51.698250
V 2 51.032919 49.314673
V 3 45.764963 64.477072
V 4 52.463710 82.006812
V 5 64.830889 67.766388
---STEP---
V 0 -39.651379 -21.309836
V 1 65.147178 51.752608
V 2 51.095030 49.365127
V 3 45.823555 64.526197
V 4 52.518840 82.057582
V 5 64.889124 67.820432
---STEP---
V 0 -39.945879 -21.567639
V 1 65.208470 51.806752
V 2 51.156901 49.415402
V 3 45.881936 64.575154
V 4 52.573779 82.108172
V 5 64.947142 67.874267
---STEP---
V 0 -40.239297 -21.824503
V 1 65.269529 51.860686
V 2 51.218535 49.465501
V 3 45.940108 64.623946
V 4 52.628528 82.158584
V 5 65.004946 67.927896
---STEP---
V 0 -40.531646 -22.080440
V 1 65.330357 51.914411
V 2 51.279934 49.515425
V 3 45.998074 64.672574
V 4 52.683089 82.208819
V 5 65.062540 67.981320
---STEP---
V 0 -40.822935 -22.335458
V 1 65.390957 51.967930
V 2 51.341101 49.565176
V 3 46.055835 64.721039
V 4 52.737466 82.258878
V 5 65.119925 68.034543
---STEP---
V 0 -41.113178 -22.589568
V 1 65.451332 52.021246
V 2 51.402040 49.614757
V 3 46.113393 64.769344
V 4 52.791658 82.308765
V 5 65.177104 68.087565
---STEP---
V 0 -41.402384 -22.842780
V 1 65.511484 52.074361
V 2 51.462751 49.664168
V 3 46.170750 64.817490
V 4 52.845669 82.358480
V 5 65.234078 68.140390
---STEP---
V 0 -41.690566 -23.095102
V 1 65.571415 52.127277
V 2 51.523238 49.713412
V 3 46.227909 64.865478
V 4 52.899500 82.408025
V 5 65.290852 68.193020
---STEP---
V 0 -41.977733 -23.346545
V 1 65.631128 52.179996
V 2 51.583503 49.762491
V 3 46.284871 64.913310
V 4 52.953154 82.457402
V 5 65.347426 68.245456
---STEP---
V 0 -42.263898 -23.597117
V 1 65.690624 52.232521
V 2 51.643549 49.811405
V 3 46.341639 64.960987
V 4 53.006631 82.506612
V 5 65.403803 68.297702
---STEP---
V 0 -42.549069 -23.846827
V 1 65.749907 52.284853
V 2 51.703377 49.860157
V 3 46.398213 65.008511
V 4 53.059935 82.555657
V 5 65.459985 68.349758
---STEP---
V 0 -42.833257 -24.095684
V 1 65.808979 52.336996
V 2 51.762991 49.908749
V 3 46.454596 65.055883
V 4 53.113065 82.604538
V 5 65.515975 68.401627
---STEP---
V 0 -43.116473 -24.343698
V 1 65.867841 52.388950
V 2 51.822392 49.957182
V 3 46.510790 65.103106
V 4 53.166025 82.653258
V 5 65.571773 68.453311
---STEP---
V 0 -43.398726 -24.590875
V 1 65.926496 52.440719
V 2 51.881582 50.005457
V 3 46.566797 65.150179
V 4 53.218816 82.701817
V 5 65.627383 68.504813
---STEP---
V 0 -43.680027 -24.837226
V 1 65.984946 52.492303
V 2 51.940565 50.053577
V 3 46.622618 65.197105
V 4 53.271440 82.750217
V 5 65.682807 68.556133
---STEP---
V 0 -43.960384 -25.082757
V 1 66.043193 52.543705
V 2 51.999341 50.101542
V 3 46.678255 65.243885
V 4 53.323898 82.798461
V 5 65.738045 68.607274
---STEP---
V 0 -44.239807 -25.327478
V 1 66.101239 52.594928
V 2 52.057914 50.149355
V 3 46.733710 65.290520
V 4 53.376192 82.846548
V 5 65.793101 68.658237
---STEP---
V 0 -44.518305 -25.571396
V 1 66.159086 52.645972
V 2 52.116284 50.197016
V 3 46.788985 65.337011
V 4 53.428323 82.894481
V 5 65.847976 68.709025
---STEP---
V 0 -44.795888 -25.814519
V 1 66.216736 52.696839
V 2 52.174455 50.244528
V 3 46.844081 65.383361
V 4 53.480293 82.942261
V 5 65.902671 68.759639
---STEP---
V 0 -45.072565 -26.056854
V 1 66.274191 52.747532
V 2 52.232428 50.291891
V 3 46.899000 65.429570
V 4 53.532104 82.989889
V 5 65.957189 68.810081
---STEP---
V 0 -45.348344 -26.298410
V 1 66.331454 52.798053
V 2 52.290205 50.339106
V 3 46.953744 65.475639
V 4 53.583757 83.037368
V 5 66.011532 68.860353
---STEP---
V 0 -45.623233 -26.539194
V 1 66.388525 52.848402
V 2 52.347789 50.386177
V 3 47.008314 65.521570
V 4 53.635254 83.084698
V 5 66.065701 68.910456
---STEP---
V 0 -45.897243 -26.779212
V 1 66.445407 52.898582
V 2 52.405180 50.433103
V 3 47.062712 65.567365
V 4 53.686595 83.131880
V 5 66.119697 68.960393
---STEP---
V 0 -46.170380 -27.018474
V 1 66.502101 52.948594
V 2 52.462381 50.479885
V 3 47.116940 65.613023
V 4 53.737783 83.178916
V 5 66.173523 69.010164
---STEP---
V 0 -46.442654 -27.256984
V 1 66.558610 52.998441
V 2 52.519394 50.526527
V 3 47.170999 65.658547
V 4 53.788819 83.225808
V 5 66.227180 69.059771
---STEP---
V 0 -46.714072 -27.494752
V 1 66.614935 53.048123
V 2 52.576220 50.573028
V 3 47.224890 65.703937
V 4 53.839704 83.272557
V 5 66.280670 69.109217
---STEP---
V 0 -46.984642 -27.731783
V 1 66.671078 53.097643
V 2 52.632862 50.619389
V 3 47.278616 65.749195
V 4 53.890440 83.319163
V 5 66.333995 69.158501
---STEP---
V 0 -47.254373 -27.968084
V 1 66.727041 53.147001
V 2 52.689320 50.665613
V 3 47.332177 65.794322
V 4 53.941028 83.365629
V 5 66.387155 69.207627
---STEP---
V 0 -47.523271 -28.203662
V 1 66.782825 53.196200
V 2 52.745598 50.711700
V 3 47.385576 65.839319
V 4 53.991469 83.411955
V 5 66.440153 69.256596
---STEP---
V 0 -47.791346 -28.438523
V 1 66.838432 53.245241
V 2 52.801696 50.757652
V 3 47.438813 65.884188
V 4 54.041765 83.458143
V 5 66.492989 69.305409
---STEP---
V 0 -48.058603 -28.672675
V 1 66.893863 53.294126
V 2 52.857616 50.803470
V 3 47.491890 65.928928
V 4 54.091916 83.504194
V 5 66.545666 69.354067
---STEP---
V 0 -48.325052 -28.906124
V 1 66.949121 53.342855
V 2 52.913360 50.849154
V 3 47.544809 65.973542
V 4 54.141925 83.550109
V 5 66.598185 69.402572
---STEP---
V 0 -48.590698 -29.138875
V 1 67.004207 53.391431
V 2 52.968929 50.894707
V 3 47.597571 66.018030
V 4 54.191792 83.595890
V 5 66.650548 69.450925
---STEP---
V 0 -48.855550 -29.370935
V 1 67.059122 53.439855
V 2 53.024326 50.940129
V 3 47.650177 66.062394
V 4 54.241519 83.641537
V 5 66.702755 69.499129
---STEP---
V 0 -49.119614 -29.602310
V 1 67.113868 53.488129
V 2 53.079551 50.985421
V 3 47.702628 66.106635
V 4 54.291107 83.687052
V 5 66.754808 69.547183
---STEP---
V 0 -49.382897 -29.833006
V 1 67.168447 53.536253
V 2 53.134606 51.030585
V 3 47.754927 66.150753
V 4 54.340557 83.732435
V 5 66.806709 69.595090
---STEP---
V 0 -49.645407 -30.063030
V 1 67.222860 53.584229
V 2 53.189493 51.075621
V 3 47.807074 66.194750
V 4 54.389870 83.777689
V 5 66.858458 69.642851
---STEP---
V 0 -49.907149 -30.292386
V 1 67.277108 53.632058
V 2 53.244213 51.120531
V 3 47.859070 66.238626
V 4 54.439048 83.822813
V 5 66.910058 69.690467
---STEP---
V 0 -50.168131 -30.521082
V 1 67.331193 53.679742
V 2 53.298768 51.165315
V 3 47.910918 66.282383
V 4 54.488091 83.867810
V 5 66.961509 69.737940
---STEP---
V 0 -50.428359 -30.749121
V 1 67.385117 53.727283
V 2 53.353159 51.209976
V 3 47.962617 66.326021
V 4 54.537001 83.912680
V 5 67.012814 69.785270
---STEP---
V 0 -50.687840 -30.976511
V 1 67.438880 53.774681
V 2 53.407387 51.254513
V 3 48.014170 66.369542
V 4 54.585779 83.957425
V 5 67.063972 69.832460
---STEP---
V 0 -50.946580 -31.203256
V 1 67.492485 53.821937
V 2 53.461455 51.298928
V 3 48.065578 66.412947
V 4 54.634426 84.002044
V 5 67.114985 69.879510
---STEP---
V 0 -51.204586 -31.429362
V 1 67.545932 53.869053
V 2 53.515363 51.343221
V 3 48.116842 66.456235
V 4 54.682942 84.046541
V 5 67.165855 69.926421
---STEP---
V 0 -51.461863 -31.654835
V 1 67.599224 53.916031
V 2 53.569113 51.387395
V 3 48.167962 66.499410
V 4 54.731330 84.090914
V 5 67.216583 69.973195
---STEP---
V 0 -51.718419 -31.879679
V 1 67.652360 53.962870
V 2 53.622706 51.431449
V 3 48.218941 66.542470
V 4 54.779590 84.135166
V 5 67.267170 70.019833
---STEP---
V 0 -51.974258 -32.103901
V 1 67.705343 54.009574
V 2 53.676144 51.475385
V 3 48.269780 66.585418
V 4 54.827723 84.179298
V 5 67.317617 70.066335
---STEP---
V 0 -52.229386 -32.327504
V 1 67.758175 54.056142
V 2 53.729427 51.519204
V 3 48.320479 66.628253
V 4 54.875730 84.223310
V 5 67.367925 70.112705
---STEP---
V 0 -52.483811 -32.550495
V 1 67.810855 54.102576
V 2 53.782557 51.562906
V 3 48.371040 66.670978
V 4 54.923612 84.267203
V 5 67.418095 70.158941
---STEP---
V 0 -52.737537 -32.772877
V 1 67.863386 54.148877
V 2 53.835536 51.606493
V 3 48.421463 66.713592
V 4 54.971371 84.310979
V 5 67.468130 70.205046
---STEP---
V 0 -52.990571 -32.994657
V 1 67.915768 54.195046
V 2 53.888365 51.649965
V 3 48.471751 66.756097
V 4 55.019007 84.354638
V 5 67.518029 70.251021
---STEP---
V 0 -53.242917 -33.215839
V 1 67.968004 54.241084
V 2 53.941044 51.693324
V 3 48.521904 66.798494
V 4 55.066520 84.398181
V 5 67.567793 70.296866
---STEP---
V 0 -53.494582 -33.436427
V 1 68.020093 54.286993
V 2 53.993576 51.736570
V 3 48.571922 66.840782
V 4 55.113913 84.441609
V 5 67.617425 70.342583
---STEP---
V 0 -53.745570 -33.656428
V 1 68.072038 54.332773
V 2 54.045961 51.779704
V 3 48.621808 66.882964
V 4 55.161186 84.484923
V 5 67.666925 70.388173
---STEP---
V 0 -53.995888 -33.875844
V 1 68.123840 54.378425
V 2 54.098201 51.822727
V 3 48.671563 66.925040
V 4 55.208340 84.528124
V 5 67.716293 70.433636
---STEP---
V 0 -54.245541 -34.094681
V 1 68.175499 54.423952
V 2 54.150296 51.865640
V 3 48.721186 66.967011
V 4 55.255376 84.571213
V 5 67.765532 70.478975
---STEP---
V 0 -54.494534 -34.312944
V 1 68.227017 54.469353
V 2 54.202248 51.908443
V 3 48.770680 67.008877
V 4 55.302295 84.614191
V 5 67.814642 70.524189
---STEP---
V 0 -54.742872 -34.530637
V 1 68.278395 54.514629
V 2 54.254059 51.951138
V 3 48.820046 67.050639
V 4 55.349097 84.657058
V 5 67.863624 70.569281
---STEP---
V 0 -54.990560 -34.747764
V 1 68.329634 54.559782
V 2 54.305728 51.993725
V 3 48.869283 67.092299
V 4 55.395784 84.699816
V 5 67.912479 70.614250
---STEP---
V 0 -55.237604 -34.964329
V 1 68.380736 54.604813
V 2 54.357258 52.036206
V 3 48.918394 67.133856
V 4 55.442356 84.742465
V 5 67.961208 70.659098
---STEP---
V 0 -55.484009 -35.180338
V 1 68.431700 54.649722
V 2 54.408650 52.078580
V 3 48.967380 67.175312
V 4 55.488815 84.785006
V 5 68.009813 70.703826
---STEP---
V 0 -55.729778 -35.395795
V 1 68.482530 54.694511
V 2 54.459904 52.120849
V 3 49.016240 67.216668
V 4 55.535160 84.827440
V 5 68.058293 70.748435
---STEP---
V 0 -55.974918 -35.610702
V 1 68.533224 54.739181
V 2 54.511021 52.163014
V 3 49.064977 67.257923
V 4 55.581394 84.869767
V 5 68.106650 70.792926
---STEP---
V 0 -56.219433 -35.825066
V 1 68.583785 54.783732
V 2 54.562004 52.205075
V 3 49.113591 67.299080
V 4 55.627517 84.911989
V 5 68.154885 70.837299
---STEP---
V 0 -56.463328 -36.038890
V 1 68.634214 54.828166
V 2 54.612852 52.247033
V 3 49.162083 67.340137
V 4 55.673529 84.954107
V 5 68.202999 70.881556
---STEP---
V 0 -56.706608 -36.252177
V 1 68.684511 54.872482
V 2 54.663566 52.288889
V 3 49.210454 67.381097
V 4 55.719432 84.996120
V 5 68.250993 70.925697
---STEP---
V 0 -56.949276 -36.464932
V 1 68.734678 54.916684
V 2 54.714149 52.330643
V 3 49.258705 67.421960
V 4 55.765226 85.038030
V 5 68.298868 70.969724
---STEP---
V 0 -57.191339 -36.677160
V 1 68.784715 54.960770
V 2 54.764600 52.372297
V 3 49.306836 67.462727
V 4 55.810912 85.079838
V 5 68.346624 71.013637
---STEP---
V 0 -57.432799 -36.888863
V 1 68.834624 55.004742
V 2 54.814922 52.413851
V 3 49.354849 67.503398
V 4 55.856490 85.121544
V 5 68.394262 71.057437
---STEP---
V 0 -57.673663 -37.100046
V 1 68.884405 55.048601
V 2 54.865114 52.455305
V 3 49.402745 67.543974
V 4 55.901963 85.163149
V 5 68.441784 71.101125
---STEP---
V 0 -57.913933 -37.310712
V 1 68.934060 55.092348
V 2 54.915177 52.496661
V 3 49.450524 67.584456
V 4 55.947330 85.204654
V 5 68.489190 71.144702
---STEP---
V 0 -58.153615 -37.520866
V 1 68.983590 55.135984
V 2 54.965114 52.537919
V 3 49.498188 67.624844
V 4 55.992591 85.246060
V 5 68.536481 71.188169
---STEP---
V 0 -58.392713 -37.730511
V 1 69.032994 55.179509
V 2 55.014924 52.579080
V 3 49.545736 67.665139
V 4 56.037749 85.287367
V 5 68.583658 71.231526
---STEP---
V 0 -58.631231 -37.939650
V 1 69.082275 55.222924
V 2 55.064609 52.620144
V 3 49.593170 67.705341
V 4 56.082803 85.328575
V 5 68.630722 71.274774
---STEP---
V 0 -58.869174 -38.148288
V 1 69.131433 55.266231
V 2 55.114169 52.661113
V 3 49.640492 67.745452
V 4 56.127755 85.369687
V 5 68.677673 71.317915
---STEP---
V 0 -59.106544 -38.356428
V 1 69.180469 55.309429
V 2 55.163606 52.701986
V 3 49.687700 67.785472
V 4 56.172605 85.410701
V 5 68.724513 71.360948
---STEP---
V 0 -59.343348 -38.564073
V 1 69.229385 55.352521
V 2 55.212920 52.742765
V 3 49.734797 67.825401
V 4 56.217353 85.451620
V 5 68.771241 71.403875
---STEP---
V 0 -59.579587 -38.771227
V 1 69.278180 55.395505
V 2 55.262113 52.783450
V 3 49.781783 67.865240
V 4 56.262001 85.492443
V 5 68.817860 71.446697
---STEP---
V 0 -59.815268 -38.977894
V 1 69.326856 55.438384
V 2 55.311184 52.824042
V 3 49.828659 67.904990
V 4 56.306549 85.533172
V 5 68.864369 71.489414
---STEP---
V 0 -60.050393 -39.184076
V 1 69.375413 55.481158
V 2 55.360136 52.864542
V 3 49.875426 67.944652
V 4 56.350997 85.573807
V 5 68.910769 71.532027
---STEP---
V 0 -60.284966 -39.389778
V 1 69.423853 55.523828
V 2 55.408968 52.904949
V 3 49.922084 67.984225
V 4 56.395347 85.614348
V 5 68.957062 71.574537
---STEP---
V 0 -60.518992 -39.595003
V 1 69.472176 55.566395
V 2 55.457683 52.945265
V 3 49.968634 68.023711
V 4 56.439600 85.654797
V 5 69.003248 71.616944
---STEP---
V 0 -60.752474 -39.799753
V 1 69.520383 55.608858
V 2 55.506279 52.985491
V 3 50.015077 68.063110
V 4 56.483755 85.695154
V 5 69.049328 71.659249
---STEP---
V 0 -60.985415 -40.004033
V 1 69.568476 55.651220
V 2 55.554760 53.025626
V 3 50.061414 68.102423
V 4 56.527813 85.735419
V 5 69.095302 71.701454
---STEP---
V 0 -61.217821 -40.207845
V 1 69.616454 55.693481
V 2 55.603124 53.065673
V 3 50.107645 68.141649
V 4 56.571776 85.775593
V 5 69.141171 71.743558
---STEP---
V 0 -61.449694 -40.411193
V 1 69.664318 55.735641
V 2 55.651373 53.105630
V 3 50.153771 68.180791
V 4 56.615644 85.815677
V 5 69.186936 71.785562
---STEP---
V 0 -61.681037 -40.614079
V 1 69.712070 55.777702
V 2 55.699509 53.145499
V 3 50.199793 68.219848
V 4 56.659416 85.855672
V 5 69.232598 71.827468
---STEP---
V 0 -61.911856 -40.816508
V 1 69.759710 55.819663
V 2 55.747531 53.185280
V 3 50.245712 68.258821
V 4 56.703095 85.895578
V 5 69.278157 71.869275
---STEP---
V 0 -62.142152 -41.018481
V 1 69.807239 55.861526
V 2 55.795440 53.224974
V 3 50.291527 68.297711
V 4 56.746681 85.935395
V 5 69.323614 71.910985
---STEP---
V 0 -62.371930 -41.220002
V 1 69.854658 55.903291
V 2 55.843238 53.264582
V 3 50.337241 68.336517
V 4 56.790173 85.975124
V 5 69.368969 71.952597
---STEP---
V 0 -62.601194 -41.421075
V 1 69.901967 55.944959
V 2 55.890924 53.304103
V 3 50.382853 68.375241
V 4 56.833574 86.014767
V 5 69.414224 71.994114
---STEP---
V 0 -62.829946 -41.621702
V 1 69.949167 55.986531
V 2 55.938500 53.343540
V 3 50.428365 68.413883
V 4 56.876883 86.054322
V 5 69.459379 72.035535
---STEP---
V 0 -63.058189 -41.821886
V 1 69.996259 56.028007
V 2 55.985967 53.382891
V 3 50.473776 68.452444
V 4 56.920101 86.093792
V 5 69.504435 72.076861
---STEP---
V 0 -63.285929 -42.021629
V 1 70.043243 56.069388
V 2 56.033325 53.422158
V 3 50.519088 68.490924
V 4 56.963228 86.133175
V 5 69.549392 72.118093
---STEP---
V 0 -63.513167 -42.220936
V 1 70.090121 56.110675
V 2 56.080575 53.461341
V 3 50.564302 68.529323
V 4 57.006266 86.172474
V 5 69.594252 72.159232
---STEP---
V 0 -63.739907 -42.419808
V 1 70.136893 56.151868
V 2 56.127717 53.500441
V 3 50.609417 68.567642
V 4 57.049215 86.211689
V 5 69.639013 72.200277
---STEP---
V 0 -63.966152 -42.618249
V 1 70.183560 56.192967
V 2 56.174753 53.539459
V 3 50.654434 68.605883
V 4 57.092074 86.250820
V 5 69.683678 72.241230
---STEP---
V 0 -64.191906 -42.816261
V 1 70.230123 56.233975
V 2 56.221683 53.578394
V 3 50.699355 68.644044
V 4 57.134846 86.289867
V 5 69.728247 72.282091
---STEP---
V 0 -64.417172 -43.013847
V 1 70.276581 56.274890
V 2 56.268508 53.617247
V 3 50.744180 68.682127
V 4 57.177530 86.328831
V 5 69.772721 72.322861
---STEP---
V 0 -64.641952 -43.211010
V 1 70.322937 56.315714
V 2 56.315228 53.656020
V 3 50.788909 68.720132
V 4 57.220128 86.367714
V 5 69.817100 72.363540
---STEP---
V 0 -64.866251 -43.407753
V 1 70.369189 56.356447
V 2 56.361845 53.694711
V 3 50.833543 68.758059
V 4 57.262638 86.406514
V 5 69.861384 72.404130
---STEP---
V 0 -65.090070 -43.604078
V 1 70.415341 56.397091
V 2 56.408358 53.733323
V 3 50.878082 68.795910
V 4 57.305063 86.445233
V 5 69.905575 72.444630
---STEP---
V 0 -65.313414 -43.799987
V 1 70.461390 56.437645
V 2 56.454769 53.771855
V 3 50.922528 68.833684
V 4 57.347402 86.483872
V 5 69.949673 72.485042
---STEP---
V 0 -65.536284 -43.995484
V 1 70.507340 56.478110
V 2 56.501078 53.810308
V 3 50.966880 68.871382
V 4 57.389657 86.522430
V 5 69.993678 72.525365
---STEP---
V 0 -65.758685 -44.190572
V 1 70.553189 56.518486
V 2 56.547286 53.848682
V 3 51.011140 68.909004
V 4 57.431827 86.560909
V 5 70.037591 72.565600
---STEP---
V 0 -65.980619 -44.385252
V 1 70.598940 56.558775
V 2 56.593393 53.886977
V 3 51.055308 68.946552
V 4 57.473913 86.599308
V 5 70.081414 72.605749
---STEP---
V 0 -66.202089 -44.579527
V 1 70.644592 56.598977
V 2 56.639401 53.925196
V 3 51.099384 68.984024
V 4 57.515916 86.637629
V 5 70.125145 72.645811
---STEP---
V 0 -66.423098 -44.773400
V 1 70.690146 56.639092
V 2 56.685309 53.963337
V 3 51.143370 69.021423
V 4 57.557836 86.675871
V 5 70.168786 72.685787
---STEP---
V 0 -66.643649 -44.966873
V 1 70.735602 56.679121
V 2 56.731119 54.001401
V 3 51.187265 69.058748
V 4 57.599674 86.714035
V 5 70.212338 72.725677
---STEP---
V 0 -66.863744 -45.159948
V 1 70.780962 56.719064
V 2 56.776831 54.039389
V 3 51.231070 69.095999
V 4 57.641430 86.752123
V 5 70.255800 72.765483
---STEP---
V 0 -67.083387 -45.352629
V 1 70.826226 56.758923
V 2 56.822445 54.077301
V 3 51.274786 69.133178
V 4 57.683104 86.790133
V 5 70.299175 72.805205
---STEP---
V 0 -67.302580 -45.544918
V 1 70.871394 56.798697
V 2 56.867963 54.115137
V 3 51.318413 69.170284
V 4 57.724698 86.828067
V 5 70.342461 72.844842
---STEP---
V 0 -67.521326 -45.736816
V 1 70.916467 56.838387
V 2 56.913384 54.152899
V 3 51.361952 69.207318
V 4 57.766211 86.865925
V 5 70.385659 72.884397
---STEP---
V 0 -67.739627 -45.928327
V 1 70.961446 56.877993
V 2 56.958710 54.190586
V 3 51.405404 69.244280
V 4 57.807645 86.903708
V 5 70.428771 72.923868
---STEP---
V 0 -67.957487 -46.119452
V 1 71.006332 56.917517
V 2 57.003941 54.228199
V 3 51.448768 69.281171
V 4 57.848998 86.941415
V 5 70.471797 72.963257
---STEP---
V 0 -68.174908 -46.310194
V 1 71.051124 56.956959
V 2 57.049078 54.265739
V 3 51.492046 69.317992
V 4 57.890273 86.979048
V 5 70.514736 73.002565
---STEP---
V 0 -68.391893 -46.500555
V 1 71.095823 56.996319
V 2 57.094121 54.303205
V 3 51.535237 69.354742
V 4 57.931470 87.016607
V 5 70.557590 73.041791
---STEP---
V 0 -68.608444 -46.690538
V 1 71.140431 57.035597
V 2 57.139071 54.340599
V 3 51.578343 69.391422
V 4 57.972588 87.054093
V 5 70.600360 73.080937
---STEP---
V 0 -68.824565 -46.880145
V 1 71.184947 57.074794
V 2 57.183928 54.377920
V 3 51.621365 69.428033
V 4 58.013629 87.091505
V 5 70.643045 73.120002
---STEP---
V 0 -69.040256 -47.069377
V 1 71.229372 57.113911
V 2 57.228693 54.415169
V 3 51.664301 69.464574
V 4 58.054593 87.128844
V 5 70.685646 73.158988
---STEP---
V 0 -69.255522 -47.258238
V 1 71.273707 57.152949
V 2 57.273366 54.452347
V 3 51.707154 69.501047
V 4 58.095480 87.166111
V 5 70.728164 73.197894
---STEP---
V 0 -69.470364 -47.446729
V 1 71.317952 57.191907
V 2 57.317948 54.489453
V 3 51.749922 69.537451
V 4 58.136290 87.203306
V 5 70.770599 73.236722
---STEP---
V 0 -69.684785 -47.634853
V 1 71.362108 57.230786
V 2 57.362441 54.526489
V 3 51.792608 69.573787
V 4 58.177025 87.240429
V 5 70.812952 73.275471
---STEP---
V 0 -69.898788 -47.822611
V 1 71.406175 57.269586
V 2 57.406843 54.563455
V 3 51.835211 69.610056
V 4 58.217684 87.277481
V 5 70.855223 73.314142
---STEP---
V 0 -70.112374 -48.010006
V 1 71.450153 57.308309
V 2 57.451156 54.600351
V 3 51.877733 69.646257
V 4 58.258269 87.314462
V 5 70.897413 73.352736
---STEP---
V 0 -70.325547 -48.197040
V 1 71.494045 57.346954
V 2 57.495379 54.637177
V 3 51.920172 69.682392
V 4 58.298778 87.351373
V 5 70.939521 73.391253
---STEP---
V 0 -70.538309 -48.383715
V 1 71.537848 57.385522
V 2 57.539515 54.673934
V 3 51.962530 69.718460
V 4 58.339214 87.388215
V 5 70.981549 73.429694
---STEP---
V 0 -70.750662 -48.570034
V 1 71.581566 57.424013
V 2 57.583563 54.710623
V 3 52.004808 69.754462
V 4 58.379576 87.424986
V 5 71.023497 73.468058
---STEP---
V 0 -70.962608 -48.755997
V 1 71.625197 57.462429
V 2 57.627524 54.747243
V 3 52.047005 69.790398
V 4 58.419864 87.461689
V 5 71.065366 73.506347
---STEP---
V 0 -71.174150 -48.941607
V 1 71.668742 57.500769
V 2 57.671398 54.783795
V 3 52.089123 69.826269
V 4 58.460080 87.498323
V 5 71.107156 73.544561
---STEP---
V 0 -71.385290 -49.126866
V 1 71.712202 57.539033
V 2 57.715185 54.820280
V 3 52.131161 69.862074
V 4 58.500223 87.534888
V 5 71.148866 73.582700
---STEP---
V 0 -71.596031 -49.311777
V 1 71.755578 57.577223
V 2 57.758887 54.856697
V 3 52.173120 69.897815
V 4 58.540294 87.571385
V 5 71.190499 73.620765
---STEP---
V 0 -71.806374 -49.496340
V 1 71.798869 57.615338
V 2 57.802504 54.893048
V 3 52.215001 69.933492
V 4 58.580294 87.607815
V 5 71.232054 73.658756
---STEP---
V 0 -72.016322 -49.680559
V 1 71.842077 57.653379
V 2 57.846036 54.929332
V 3 52.256804 69.969105
V 4 58.620222 87.644178
V 5 71.273532 73.696673
---STEP---
V 0 -72.225877 -49.864434
V 1 71.885202 57.691347
V 2 57.889483 54.965550
V 3 52.298530 70.004654
V 4 58.660079 87.680474
V 5 71.314932 73.734518
---STEP---
V 0 -72.435042 -50.047968
V 1 71.928243 57.729242
V 2 57.932847 55.001703
V 3 52.340178 70.040140
V 4 58.699865 87.716703
V 5 71.356257 73.772290
---STEP---
V 0 -72.643817 -50.231163
V 1 71.971203 57.767064
V 2 57.976128 55.037790
V 3 52.381749 70.075563
V 4 58.739581 87.752866
V 5 71.397505 73.809990
---STEP---
V 0 -72.852207 -50.414021
V 1 72.014081 57.804814
V 2 58.019325 55.073812
V 3 52.423244 70.110923
V 4 58.779228 87.788963
V 5 71.438678 73.847618
---STEP---
V 0 -73.060212 -50.596543
V 1 72.056877 57.842492
V 2 58.062441 55.109769
V 3 52.464663 70.146221
V 4 58.818805 87.824995
V 5 71.479775 73.885174
---STEP---
V 0 -73.267836 -50.778731
V 1 72.099592 57.880099
V 2 58.105474 55.145662
V 3 52.506007 70.181457
V 4 58.858313 87.860962
V 5 71.520798 73.922660
---STEP---
V 0 -73.475079 -50.960587
V 1 72.142227 57.917634
V 2 58.148426 55.181491
V 3 52.547276 70.216631
V 4 58.897752 87.896865
V 5 71.561746 73.960075
---STEP---
V 0 -73.681944 -51.142114
V 1 72.184782 57.955099
V 2 58.191297 55.217256
V 3 52.588470 70.251745
V 4 58.937123 87.932703
V 5 71.602621 73.997420
---STEP---
V 0 -73.888434 -51.323312
V 1 72.227258 57.992494
V 2 58.234087 55.252958
V 3 52.629590 70.286797
V 4 58.976426 87.968477
V 5 71.643421 74.034695
---STEP---
V 0 -74.094549 -51.504183
V 1 72.269654 58.029819
V 2 58.276797 55.288597
V 3 52.670636 70.321788
V 4 59.015662 88.004187
V 5 71.684149 74.071901
---STEP---
V 0 -74.300293 -51.684730
V 1 72.311972 58.067074
V 2 58.319428 55.324174
V 3 52.711608 70.356719
V 4 59.054830 88.039834
V 5 71.724804 74.109038
---STEP---
V 0 -74.505667 -51.864954
V 1 72.354211 58.104261
V 2 58.361979 55.359688
V 3 52.752508 70.391590
V 4 59.093931 88.075418
V 5 71.765386 74.146106
---STEP---
V 0 -74.710673 -52.044856
V 1 72.396373 58.141378
V 2 58.404452 55.395140
V 3 52.793335 70.426402
V 4 59.132966 88.110939
V 5 71.805897 74.183106
---STEP---
V 0 -74.915314 -52.224439
V 1 72.438457 58.178427
V 2 58.446846 55.430531
V 3 52.834089 70.461154
V 4 59.171935 88.146398
V 5 71.846336 74.220038
---STEP---
V 0 -75.119590 -52.403704
V 1 72.480464 58.215409
V 2 58.489162 55.465860
V 3 52.874772 70.495847
V 4 59.210838 88.181796
V 5 71.886703 74.256903
---STEP---
V 0 -75.323505 -52.582653
V 1 72.522395 58.252322
V 2 58.531401 55.501128
V 3 52.915383 70.530481
V 4 59.249675 88.217131
V 5 71.927000 74.293700
---STEP---
V 0 -75.527059 -52.761288
V 1 72.564249 58.289169
V 2 58.573562 55.536336
V 3 52.955923 70.565056
V 4 59.288447 88.252405
V 5 71.967227 74.330431
---STEP---
V 0 -75.730256 -52.939609
V 1 72.606028 58.325949
V 2 58.615647 55.571483
V 3 52.996393 70.599574
V 4 59.327154 88.287618
V 5 72.007383 74.367095
---STEP---
V 0 -75.933096 -53.117620
V 1 72.647731 58.362662
V 2 58.657656 55.606570
V 3 53.036791 70.634033
V 4 59.365796 88.322771
V 5 72.047469 74.403693
---STEP---
V 0 -76.135581 -53.295320
V 1 72.689360 58.399309
V 2 58.699589 55.641597
V 3 53.077120 70.668435
V 4 59.404375 88.357863
V 5 72.087486 74.440226
---STEP---
V 0 -76.337715 -53.472713
V 1 72.730914 58.435890
V 2 58.741446 55.676565
V 3 53.117379 70.702780
V 4 59.442889 88.392895
V 5 72.127434 74.476693
---STEP---
V 0 -76.539497 -53.649800
V 1 72.772394 58.472406
V 2 58.783228 55.711474
V 3 53.157569 70.737067
V 4 59.481341 88.427867
V 5 72.167314 74.513095
---STEP---
V 0 -76.740931 -53.826581
V 1 72.813800 58.508857
V 2 58.824936 55.746324
V 3 53.197690 70.771298
V 4 59.519728 88.462779
V 5 72.207125 74.549432
---STEP---
V 0 -76.942017 -54.003059
V 1 72.855133 58.545243
V 2 58.866569 55.781115
V 3 53.237743 70.805472
V 4 59.558053 88.497633
V 5 72.246868 74.585705
---STEP---
V 0 -77.142759 -54.179236
V 1 72.896393 58.581564
V 2 58.908128 55.815848
V 3 53.277727 70.839590
V 4 59.596316 88.532428
V 5 72.286544 74.621914
---STEP---
V 0 -77.343156 -54.355112
V 1 72.937580 58.617822
V 2 58.949614 55.850523
V 3 53.317643 70.873652
V 4 59.634516 88.567164
V 5 72.326152 74.658060
---STEP---
V 0 -77.543212 -54.530690
V 1 72.978695 58.654016
V 2 58.991027 55.885141
V 3 53.357492 70.907659
V 4 59.672654 88.601842
V 5 72.365694 74.694142
---STEP---
V 0 -77.742928 -54.705971
V 1 73.019738 58.690146
V 2 59.032367 55.919701
V 3 53.397273 70.941610
V 4 59.710730 88.636462
V 5 72.405168 74.730161
---STEP---
V 0 -77.942306 -54.880956
V 1 73.060710 58.726214
V 2 59.073635 55.954204
V 3 53.436988 70.975506
V 4 59.748745 88.671024
V 5 72.444577 74.766118
---STEP---
V 0 -78.141347 -55.055647
V 1 73.101610 58.762218
V 2 59.114831 55.988650
V 3 53.476636 71.009348
V 4 59.786699 88.705529
V 5 72.483920 74.802012
---STEP---
V 0 -78.340053 -55.230046
V 1 73.142440 58.798161
V 2 59.155955 56.023039
V 3 53.516217 71.043134
V 4 59.824592 88.739977
V 5 72.523197 74.837844
---STEP---
V 0 -78.538426 -55.404153
V 1 73.183200 58.834041
V 2 59.197008 56.057373
V 3 53.555733 71.076867
V 4 59.862425 88.774368
V 5 72.562409 74.873614
---STEP---
V 0 -78.736468 -55.577971
V 1 73.223889 58.869859
V 2 59.237990 56.091650
V 3 53.595184 71.110545
V 4 59.900197 88.808702
V 5 72.601556 74.909323
---STEP---
V 0 -78.934180 -55.751500
V 1 73.264509 58.905616
V 2 59.278902 56.125872
V 3 53.634569 71.144170
V 4 59.937910 88.842980
V 5 72.640638 74.944971
---STEP---
V 0 -79.131563 -55.924742
V 1 73.305060 58.941312
V 2 59.319743 56.160038
V 3 53.673889 71.177741
V 4 59.975563 88.877202
V 5 72.679656 74.980558
---STEP---
V 0 -79.328620 -56.097700
V 1 73.345541 58.976947
V 2 59.360515 56.194149
V 3 53.713145 71.211259
V 4 60.013157 88.911369
V 5 72.718611 75.016085
---STEP---
V 0 -79.525352 -56.270373
V 1 73.385954 59.012521
V 2 59.401217 56.228205
V 3 53.752336 71.244724
V 4 60.050692 88.945480
V 5 72.757501 75.051552
---STEP---
V 0 -79.721761 -56.442763
V 1 73.426299 59.048036
V 2 59.441850 56.262206
V 3 53.791464 71.278136
V 4 60.088168 88.979536
V 5 72.796328 75.086958
---STEP---
V 0 -79.917847 -56.614872
V 1 73.466576 59.083490
V 2 59.482414 56.296153
V 3 53.830528 71.311496
V 4 60.125585 89.013537
V 5 72.835092 75.122306
---STEP---
V 0 -80.113614 -56.786702
V 1 73.506785 59.118885
V 2 59.522910 56.330046
V 3 53.869529 71.344803
V 4 60.162945 89.047483
V 5 72.873794 75.157593
---STEP---
V 0 -80.309062 -56.958252
V 1 73.546927 59.154220
V 2 59.563338 56.363885
V 3 53.908466 71.378059
V 4 60.200246 89.081375
V 5 72.912433 75.192822
---STEP---
V 0 -80.504193 -57.129526
V 1 73.587002 59.189496
V 2 59.603698 56.397671
V 3 53.947341 71.411263
V 4 60.237490 89.115213
V 5 72.951010 75.227993
---STEP---
V 0 -80.699008 -57.300524
V 1 73.627011 59.224714
V 2 59.643991 56.431403
V 3 53.986153 71.444415
V 4 60.274677 89.148997
V 5 72.989525 75.263105
---STEP---
V 0 -80.893509 -57.471247
V 1 73.666953 59.259873
V 2 59.684217 56.465082
V 3 54.024904 71.477516
V 4 60.311806 89.182727
V 5 73.027979 75.298158
---STEP---
V 0 -81.087698 -57.641698
V 1 73.706829 59.294974
V 2 59.724376 56.498708
V 3 54.063592 71.510566
V 4 60.348879 89.216404
V 5 73.066371 75.333154
---STEP---
V 0 -81.281576 -57.811876
V 1 73.746640 59.330017
V 2 59.764468 56.532282
V 3 54.102219 71.543565
V 4 60.385895 89.250028
V 5 73.104703 75.368093
---STEP---
V 0 -81.475144 -57.981784
V 1 73.786385 59.365003
V 2 59.804494 56.565803
V 3 54.140785 71.576514
V 4 60.422854 89.283599
V 5 73.142974 75.402974
---STEP---
V 0 -81.668405 -58.151422
V 1 73.826066 59.399931
V 2 59.844455 56.599272
V 3 54.179290 71.609412
V 4 60.459758 89.317118
V 5 73.181184 75.437798
---STEP---
V 0 -81.861358 -58.320793
V 1 73.865681 59.434803
V 2 59.884350 56.632689
V 3 54.217734 71.642260
V 4 60.496606 89.350584
V 5 73.219335 75.472566
---STEP---
V 0 -82.054007 -58.489897
V 1 73.905233 59.469617
V 2 59.924180 56.666055
V 3 54.256118 71.675058
V 4 60.533398 89.383998
V 5 73.257426 75.507277
---STEP---
V 0 -82.246352 -58.658735
V 1 73.944720 59.504375
V 2 59.963946 56.699369
V 3 54.294442 71.707807
V 4 60.570136 89.417361
V 5 73.295457 75.541932
---STEP---
V 0 -82.438394 -58.827309
V 1 73.984144 59.539077
V 2 60.003646 56.732632
V 3 54.332706 71.740506
V 4 60.606818 89.450671
V 5 73.333429 75.576531
---STEP---
V 0 -82.630136 -58.995621
V 1 74.023504 59.573723
V 2 60.043283 56.765845
V 3 54.370911 71.773156
V 4 60.643445 89.483931
V 5 73.371342 75.611075
---STEP---
V 0 -82.821579 -59.163670
V 1 74.062801 59.608313
V 2 60.082856 56.799006
V 3 54.409056 71.805758
V 4 60.680018 89.517139
V 5 73.409197 75.645563
---STEP---
V 0 -83.012723 -59.331459
V 1 74.102036 59.642848
V 2 60.122365 56.832117
V 3 54.447142 71.838310
V 4 60.716536 89.550296
V 5 73.446993 75.679996
---STEP---
V 0 -83.203571 -59.498988
V 1 74.141207 59.677328
V 2 60.161811 56.865178
V 3 54.485170 71.870814
V 4 60.753001 89.583403
V 5 73.484731 75.714374
---STEP---
V 0 -83.394124 -59.666260
V 1 74.180317 59.711753
V 2 60.201194 56.898189
V 3 54.523139 71.903270
V 4 60.789412 89.616459
V 5 73.522411 75.748698
---STEP---
V 0 -83.584382 -59.833274
V 1 74.219365 59.746123
V 2 60.240514 56.931150
V 3 54.561050 71.935677
V 4 60.825769 89.649465
V 5 73.560033 75.782968
---STEP---
V 0 -83.774348 -60.000033
V 1 74.258351 59.780439
V 2 60.279771 56.964062
V 3 54.598903 71.968037
V 4 60.862073 89.682421
V 5 73.597599 75.817183
---STEP---
V 0 -83.964023 -60.166537
V 1 74.297275 59.814701
V 2 60.318967 56.996924
V 3 54.636699 72.000349
V 4 60.898324 89.715328
V 5 73.635107 75.851345
---STEP---
V 0 -84.153408 -60.332787
V 1 74.336139 59.848909
V 2 60.358101 57.029737
V 3 54.674437 72.032613
V 4 60.934522 89.748185
V 5 73.672558 75.885453
---STEP---
V 0 -84.342505 -60.498786
V 1 74.374942 59.883063
V 2 60.397173 57.062502
V 3 54.712118 72.064831
V 4 60.970668 89.780992
V 5 73.709953 75.919507
---STEP---
V 0 -84.531314 -60.664533
V 1 74.413684 59.917164
V 2 60.436184 57.095217
V 3 54.749742 72.097001
V 4 61.006761 89.813751
V 5 73.747292 75.953509
---STEP---
V 0 -84.719838 -60.830030
V 1 74.452366 59.951212
V 2 60.475135 57.127885
V 3 54.787310 72.129124
V 4 61.042802 89.846460
V 5 73.784574 75.987458
---STEP---
V 0 -84.908077 -60.995279
V 1 74.490988 59.985207
V 2 60.514024 57.160504
V 3 54.824821 72.161201
V 4 61.078791 89.879121
V 5 73.821801 76.021355
---STEP---
V 0 -85.096032 -61.160279
V 1 74.529550 60.019150
V 2 60.552853 57.193075
V 3 54.862277 72.193232
V 4 61.114728 89.911734
V 5 73.858972 76.055199
---STEP---
V 0 -85.283706 -61.325033
V 1 74.568053 60.053040
V 2 60.591622 57.225598
V 3 54.899676 72.225216
V 4 61.150614 89.944298
V 5 73.896088 76.088991
---STEP---
V 0 -85.471099 -61.489542
V 1 74.606497 60.086878
V 2 60.630331 57.258074
V 3 54.937020 72.257154
V 4 61.186449 89.976814
V 5 73.933149 76.122731
---STEP---
V 0 -85.658212 -61.653806
V 1 74.644882 60.120664
V 2 60.668981 57.290502
V 3 54.974309 72.289047
V 4 61.222233 90.009283
V 5 73.970156 76.156419
---STEP---
V 0 -85.845047 -61.817826
V 1 74.683209 60.154398
V 2 60.707571 57.322883
V 3 55.011542 72.320894
V 4 61.257966 90.041704
V 5 74.007107 76.190057
---STEP---
V 0 -86.031605 -61.981605
V 1 74.721477 60.188081
V 2 60.746103 57.355217
V 3 55.048721 72.352695
V 4 61.293649 90.074078
V 5 74.044005 76.223643
---STEP---
V 0 -86.217887 -62.145142
V 1 74.759687 60.221713
V 2 60.784575 57.387505
V 3 55.085845 72.384451
V 4 61.329281 90.106404
V 5 74.080848 76.257178
---STEP---
V 0 -86.403895 -62.308439
V 1 74.797839 60.255294
V 2 60.822989 57.419745
V 3 55.122914 72.416163
V 4 61.364863 90.138684
V 5 74.117638 76.290662
---STEP---
V 0 -86.588121 -62.470173
V 1 74.835934 60.288824
V 2 60.861345 57.451940
V 3 55.159930 72.447829
V 4 61.400395 90.170917
V 5 74.154374 76.324096
---STEP---
V 0 -86.769583 -62.629481
V 1 74.873972 60.322304
V 2 60.899643 57.484088
V 3 55.196892 72.479451
V 4 61.435878 90.203104
V 5 74.191057 76.357480
---STEP---
V 0 -86.948322 -62.786400
V 1 74.911953 60.355734
V 2 60.937885 57.516192
V 3 55.233802 72.511030
V 4 61.471312 90.235245
V 5 74.227687 76.390815
---STEP---
V 0 -87.124381 -62.940966
V 1 74.949880 60.389116
V 2 60.976071 57.548251
V 3 55.270659 72.542566
V 4 61.506698 90.267341
V 5 74.264267 76.424102
---STEP---
V 0 -87.297798 -63.093214
V 1 74.987753 60.422449
V 2 61.014202 57.580267
V 3 55.307466 72.574059
V 4 61.542036 90.299394
V 5 74.300795 76.457340
---STEP---
V 0 -87.468613 -63.243179
V 1 75.025572 60.455735
V 2 61.052280 57.612240
V 3 55.344222 72.605512
V 4 61.577328 90.331403
V 5 74.337274 76.490532
---STEP---
V 0 -87.636866 -63.390894
V 1 75.063339 60.488974
V 2 61.090304 57.644170
V 3 55.380929 72.636924
V 4 61.612574 90.363370
V 5 74.373704 76.523677
---STEP---
V 0 -87.802594 -63.536394
V 1 75.101054 60.522167
V 2 61.128277 57.676059
V 3 55.417587 72.668296
V 4 61.647775 90.395295
V 5 74.410085 76.556776
---STEP---
V 0 -87.965837 -63.679712
V 1 75.138718 60.555314
V 2 61.166197 57.707907
V 3 55.454197 72.699628
V 4 61.682931 90.427179
V 5 74.446418 76.589830
---STEP---
V 0 -88.126630 -63.820881
V 1 75.176333 60.588417
V 2 61.204068 57.739714
V 3 55.490761 72.730922
V 4 61.718042 90.459022
V 5 74.482705 76.622840
---STEP---
V 0 -88.285011 -63.959933
V 1 75.213898 60.621475
V 2 61.241888 57.771482
V 3 55.527277 72.762177
V 4 61.753111 90.490825
V 5 74.518945 76.655807
---STEP---
V 0 -88.441016 -64.096899
V 1 75.251414 60.654490
V 2 61.279659 57.803210
V 3 55.563749 72.793395
V 4 61.788137 90.522589
V 5 74.555139 76.688730
---STEP---
V 0 -88.594681 -64.231811
V 1 75.288883 60.687462
V 2 61.317382 57.834901
V 3 55.600175 72.824575
V 4 61.823120 90.554313
V 5 74.591288 76.721611
---STEP---
V 0 -88.746040 -64.364699
V 1 75.326304 60.720391
V 2 61.355057 57.866553
V 3 55.636557 72.855719
V 4 61.858062 90.586000
V 5 74.627394 76.754450
---STEP---
V 0 -88.895129 -64.495595
V 1 75.363679 60.753279
V 2 61.392685 57.898167
V 3 55.672895 72.886827
V 4 61.892963 90.617649
V 5 74.663455 76.787248
---STEP---
V 0 -89.041981 -64.624528
V 1 75.401009 60.786126
V 2 61.430267 57.929745
V 3 55.709190 72.917900
V 4 61.927824 90.649261
V 5 74.699473 76.820005
---STEP---
V 0 -89.186630 -64.751527
V 1 75.438293 60.818933
V 2 61.467804 57.961287
V 3 55.745443 72.948937
V 4 61.962645 90.680837
V 5 74.735449 76.852722
---STEP---
V 0 -89.329109 -64.876621
V 1 75.475533 60.851699
V 2 61.505295 57.992793
V 3 55.781654 72.979941
V 4 61.997427 90.712376
V 5 74.771383 76.885400
---STEP---
V 0 -89.469451 -64.999839
V 1 75.512729 60.884427
V 2 61.542742 58.024263
V 3 55.817824 73.010910
V 4 62.032170 90.743880
V 5 74.807276 76.918039
---STEP---
V 0 -89.607687 -65.121209
V 1 75.549882 60.917115
V 2 61.580145 58.055699
V 3 55.853953 73.041846
V 4 62.066875 90.775349
V 5 74.843129 76.950640
---STEP---
V 0 -89.743850 -65.240759
V 1 75.586993 60.949766
V 2 61.617506 58.087100
V 3 55.890043 73.072748
V 4 62.101543 90.806784
V 5 74.878941 76.983203
---STEP---
V 0 -89.877970 -65.358516
V 1 75.624062 60.982378
V 2 61.654824 58.118468
V 3 55.926093 73.103619
V 4 62.136173 90.838184
V 5 74.914714 77.015729
---STEP---
V 0 -90.010077 -65.474506
V 1 75.661089 61.014954
V 2 61.692100 58.149802
V 3 55.962105 73.134457
V 4 62.170767 90.869552
V 5 74.950447 77.048219
---STEP---
V 0 -90.140203 -65.588757
V 1 75.698076 61.047493
V 2 61.729335 58.181104
V 3 55.998078 73.165264
V 4 62.205326 90.900886
V 5 74.986143 77.080672
---STEP---
V 0 -90.268377 -65.701295
V 1 75.735023 61.079996
V 2 61.766529 58.212373
V 3 56.034013 73.196039
V 4 62.239848 90.932187
V 5 75.021800 77.113090
---STEP---
V 0 -90.394628 -65.812145
V 1 75.771930 61.112464
V 2 61.803683 58.243610
V 3 56.069912 73.226784
V 4 62.274336 90.963457
V 5 75.057421 77.145472
---STEP---
V 0 -90.518985 -65.921332
V 1 75.808799 61.144896
V 2 61.840798 58.274816
V 3 56.105774 73.257499
V 4 62.308790 90.994695
V 5 75.093004 77.177820
---STEP---
V 0 -90.641477 -66.028882
V 1 75.845628 61.177294
V 2 61.877874 58.305991
V 3 56.141600 73.288183
V 4 62.343209 91.025902
V 5 75.128551 77.210134
---STEP---
V 0 -90.762131 -66.134818
V 1 75.882420 61.209658
V 2 61.914911 58.337135
V 3 56.177390 73.318838
V 4 62.377595 91.057077
V 5 75.164063 77.242415
---STEP---
V 0 -90.880974 -66.239166
V 1 75.919175 61.241989
V 2 61.951911 58.368249
V 3 56.213145 73.349464
V 4 62.411948 91.088223
V 5 75.199539 77.274662
---STEP---
V 0 -90.998036 -66.341949
V 1 75.955892 61.274286
V 2 61.988873 58.399333
V 3 56.248865 73.380062
V 4 62.446268 91.119339
V 5 75.234980 77.306876
---STEP---
V 0 -91.113341 -66.443190
V 1 75.992574 61.306550
V 2 62.025799 58.430388
V 3 56.284551 73.410631
V 4 62.480556 91.150425
V 5 75.270387 77.339058
---STEP---
V 0 -91.226916 -66.542913
V 1 76.029219 61.338783
V 2 62.062688 58.461414
V 3 56.320204 73.441172
V 4 62.514813 91.181482
V 5 75.305760 77.371208
---STEP---
V 0 -91.338787 -66.641140
V 1 76.065829 61.370983
V 2 62.099541 58.492411
V 3 56.355823 73.471686
V 4 62.549038 91.212511
V 5 75.341100 77.403327
---STEP---
V 0 -91.448980 -66.737894
V 1 76.102404 61.403153
V 2 62.136358 58.523380
V 3 56.391410 73.502173
V 4 62.583232 91.243511
V 5 75.376407 77.435415
---STEP---
V 0 -91.557521 -66.833197
V 1 76.138945 61.435291
V 2 62.173141 58.554321
V 3 56.426964 73.532632
V 4 62.617396 91.274483
V 5 75.411681 77.467472
---STEP---
V 0 -91.664433 -66.927071
V 1 76.175452 61.467399
V 2 62.209890 58.585235
V 3 56.462486 73.563066
V 4 62.651530 91.305427
V 5 75.446923 77.499500
---STEP---
V 0 -91.769741 -67.019536
V 1 76.211925 61.499477
V 2 62.246604 58.616122
V 3 56.497977 73.593473
V 4 62.685634 91.336345
V 5 75.482134 77.531497
---STEP---
V 0 -91.873469 -67.110615
V 1 76.248365 61.531525
V 2 62.283285 58.646982
V 3 56.533437 73.623855
V 4 62.719709 91.367235
V 5 75.517313 77.563465
---STEP---
V 0 -91.975641 -67.200328
V 1 76.284772 61.563544
V 2 62.319933 58.677815
V 3 56.568866 73.654211
V 4 62.753755 91.398099
V 5 75.552461 77.595404
---STEP---
V 0 -92.076281 -67.288695
V 1 76.321147 61.595534
V 2 62.356548 58.708623
V 3 56.604265 73.684542
V 4 62.787773 91.428937
V 5 75.587579 77.627315
---STEP---
V 0 -92.175411 -67.375737
V 1 76.357491 61.627495
V 2 62.393131 58.739405
V 3 56.639634 73.714848
V 4 62.821762 91.459749
V 5 75.622667 77.659197
---STEP---
V 0 -92.273053 -67.461473
V 1 76.393803 61.659428
V 2 62.429683 58.770161
V 3 56.674973 73.745130
V 4 62.855724 91.490535
V 5 75.657726 77.691052
---STEP---
V 0 -92.369231 -67.545923
V 1 76.430084 61.691334
V 2 62.466202 58.800892
V 3 56.710284 73.775388
V 4 62.889659 91.521296
V 5 75.692755 77.722879
---STEP---
V 0 -92.463966 -67.629107
V 1 76.466334 61.723212
V 2 62.502691 58.831599
V 3 56.745565 73.805622
V 4 62.923566 91.552033
V 5 75.727755 77.754679
---STEP---
V 0 -92.557280 -67.711043
V 1 76.502554 61.755063
V 2 62.539149 58.862281
V 3 56.780819 73.835832
V 4 62.957447 91.582745
V 5 75.762727 77.786452
---STEP---
V 0 -92.649195 -67.791751
V 1 76.538745 61.786887
V 2 62.575577 58.892939
V 3 56.816044 73.866019
V 4 62.991302 91.613432
V 5 75.797670 77.818199
---STEP---
V 0 -92.739730 -67.871247
V 1 76.574906 61.818685
V 2 62.611976 58.923574
V 3 56.851242 73.896184
V 4 63.025130 91.644096
V 5 75.832586 77.849920
---STEP---
V 0 -92.828907 -67.949552
V 1 76.611038 61.850457
V 2 62.648345 58.954185
V 3 56.886412 73.926325
V 4 63.058933 91.674736
V 5 75.867474 77.881615
---STEP---
V 0 -92.916747 -68.026682
V 1 76.647141 61.882204
V 2 62.684684 58.984772
V 3 56.921556 73.956445
V 4 63.092710 91.705353
V 5 75.902336 77.913284
---STEP---
V 0 -93.003269 -68.102655
V 1 76.683216 61.913925
V 2 62.720995 59.015337
V 3 56.956673 73.986542
V 4 63.126463 91.735947
V 5 75.937170 77.944929
---STEP---
V 0 -93.088492 -68.177489
V 1 76.719262 61.945620
V 2 62.757278 59.045879
V 3 56.991763 74.016617
V 4 63.160191 91.766518
V 5 75.971978 77.976548
---STEP---
V 0 -93.172438 -68.251200
V 1 76.755282 61.977291
V 2 62.793533 59.076399
V 3 57.026828 74.046671
V 4 63.193894 91.797066
V 5 76.006760 78.008143
---STEP---
V 0 -93.255124 -68.323806
V 1 76.791273 62.008938
V 2 62.829760 59.106897
V 3 57.061867 74.076704
V 4 63.227573 91.827593
V 5 76.041517 78.039714
---STEP---
V 0 -93.336570 -68.395322
V 1 76.827238 62.040561
V 2 62.865959 59.137373
V 3 57.096881 74.106715
V 4 63.261229 91.858097
V 5 76.076247 78.071261
---STEP---
V 0 -93.416794 -68.465766
V 1 76.863176 62.072159
V 2 62.902132 59.167827
V 3 57.131869 74.136706
V 4 63.294861 91.888580
V 5 76.110953 78.102785
---STEP---
V 0 -93.495814 -68.535154
V 1 76.899088 62.103735
V 2 62.938278 59.198261
V 3 57.166833 74.166676
V 4 63.328470 91.919041
V 5 76.145634 78.134285
---STEP---
V 0 -93.573649 -68.603501
V 1 76.934974 62.135287
V 2 62.974398 59.228673
V 3 57.201773 74.196626
V 4 63.362056 91.949482
V 5 76.180290 78.165762
---STEP---
V 0 -93.650317 -68.670823
V 1 76.970834 62.166816
V 2 63.010491 59.259064
V 3 57.236688 74.226556
V 4 63.395619 91.979901
V 5 76.214922 78.197216
---STEP---
V 0 -93.725834 -68.737135
V 1 77.006669 62.198322
V 2 63.046559 59.289435
V 3 57.271580 74.256467
V 4 63.429160 92.010300
V 5 76.249530 78.228648
---STEP---
V 0 -93.800219 -68.802452
V 1 77.042479 62.229806
V 2 63.082602 59.319785
V 3 57.306447 74.286357
V 4 63.462678 92.040678
V 5 76.284115 78.260058
---STEP---
V 0 -93.873488 -68.866790
V 1 77.078264 62.261267
V 2 63.118619 59.350116
V 3 57.341292 74.316229
V 4 63.496175 92.071036
V 5 76.318676 78.291446
---STEP---
V 0 -93.945657 -68.930162
V 1 77.114024 62.292707
V 2 63.154612 59.380427
V 3 57.376114 74.346081
V 4 63.529650 92.101374
V 5 76.353214 78.322812
---STEP---
V 0 -94.016744 -68.992585
V 1 77.149760 62.324125
V 2 63.190580 59.410718
V 3 57.410913 74.375914
V 4 63.563104 92.131692
V 5 76.387729 78.354156
---STEP---
V 0 -94.086765 -69.054071
V 1 77.185472 62.355522
V 2 63.226524 59.440990
V 3 57.445689 74.405729
V 4 63.596537 92.161991
V 5 76.422221 78.385480
---STEP---
V 0 -94.155735 -69.114634
V 1 77.221161 62.386898
V 2 63.262444 59.471242
V 3 57.480443 74.435525
V 4 63.629949 92.192271
V 5 76.456692 78.416782
---STEP---
V 0 -94.223671 -69.174290
V 1 77.256826 62.418253
V 2 63.298340 59.501476
V 3 57.515176 74.465303
V 4 63.663340 92.222532
V 5 76.491140 78.448064
---STEP---
V 0 -94.290587 -69.233050
V 1 77.292468 62.449587
V 2 63.334213 59.531691
V 3 57.549886 74.495063
V 4 63.696711 92.252774
V 5 76.525566 78.479326
---STEP---
V 0 -94.356500 -69.290930
V 1 77.328087 62.480901
V 2 63.370063 59.561888
V 3 57.584575 74.524805
V 4 63.730062 92.282997
V 5 76.559971 78.510567
---STEP---
V 0 -94.421424 -69.347941
V 1 77.363683 62.512195
V 2 63.405889 59.592066
V 3 57.619243 74.554529
V 4 63.763393 92.313202
V 5 76.594355 78.541788
---STEP---
V 0 -94.485374 -69.404097
V 1 77.399258 62.543468
V 2 63.441694 59.622227
V 3 57.653890 74.584236
V 4 63.796704 92.343388
V 5 76.628717 78.572989
---STEP---
V 0 -94.548365 -69.459411
V 1 77.434810 62.574722
V 2 63.477475 59.652369
V 3 57.688516 74.613926
V 4 63.829996 92.373557
V 5 76.663059 78.604171
---STEP---
V 0 -94.610411 -69.513895
V 1 77.470340 62.605957
V 2 63.513235 59.682494
V 3 57.723122 74.643599
V 4 63.863269 92.403708
V 5 76.697380 78.635334
---STEP---
V 0 -94.671526 -69.567562
V 1 77.505848 62.637172
V 2 63.548973 59.712601
V 3 57.757707 74.673255
V 4 63.896522 92.433841
V 5 76.731680 78.666477
---STEP---
V 0 -94.731724 -69.620424
V 1 77.541335 62.668368
V 2 63.584689 59.742691
V 3 57.792272 74.702894
V 4 63.929757 92.463957
V 5 76.765961 78.697601
---STEP---
V 0 -94.791019 -69.672493
V 1 77.576801 62.699546
V 2 63.620384 59.772764
V 3 57.826818 74.732516
V 4 63.962973 92.494056
V 5 76.800222 78.728707
---STEP---
V 0 -94.849425 -69.723781
V 1 77.612246 62.730705
V 2 63.656057 59.802820
V 3 57.861343 74.762123
V 4 63.996171 92.524137
V 5 76.834462 78.759795
---STEP---
V 0 -94.906955 -69.774300
V 1 77.647671 62.761845
V 2 63.691710 59.832860
V 3 57.895850 74.791713
V 4 64.029350 92.554202
V 5 76.868684 78.790864
---STEP---
V 0 -94.963622 -69.824061
V 1 77.683074 62.792967
V 2 63.727342 59.862883
V 3 57.930337 74.821287
V 4 64.062511 92.584250
V 5 76.902886 78.821915
---STEP---
V 0 -95.019438 -69.873076
V 1 77.718458 62.824071
V 2 63.762953 59.892889
V 3 57.964805 74.850846
V 4 64.095655 92.614282
V 5 76.937069 78.852948
---STEP---
V 0 -95.074418 -69.921356
V 1 77.753822 62.855157
V 2 63.798544 59.922879
V 3 57.999254 74.880388
V 4 64.128781 92.644297
V 5 76.971233 78.883963
---STEP---
V 0 -95.128572 -69.968911
V 1 77.789165 62.886226
V 2 63.834115 59.952854
V 3 58.033685 74.909916
V 4 64.161890 92.674296
V 5 77.005379 78.914961
---STEP---
V 0 -95.181914 -70.015753
V 1 77.824489 62.917277
V 2 63.869667 59.982812
V 3 58.068097 74.939428
V 4 64.194981 92.704279
V 5 77.039506 78.945941
---STEP---
V 0 -95.234456 -70.061893
V 1 77.859794 62.948311
V 2 63.905198 60.012755
V 3 58.102491 74.968924
V 4 64.228055 92.734247
V 5 77.073614 78.976905
---STEP---
V 0 -95.286210 -70.107341
V 1 77.895079 62.979328
V 2 63.940710 60.042682
V 3 58.136867 74.998406
V 4 64.261113 92.764198
V 5 77.107705 79.007851
---STEP---
V 0 -95.337188 -70.152106
V 1 77.930346 63.010327
V 2 63.976203 60.072594
V 3 58.171225 75.027873
V 4 64.294153 92.794134
V 5 77.141778 79.038780
---STEP---
V 0 -95.387401 -70.196201
V 1 77.965593 63.041311
V 2 64.011677 60.102491
V 3 58.205565 75.057326
V 4 64.327178 92.824055
V 5 77.175833 79.069693
---STEP---
V 0 -95.436860 -70.239634
V 1 78.000822 63.072277
V 2 64.047132 60.132372
V 3 58.239888 75.086763
V 4 64.360185 92.853961
V 5 77.209870 79.100590
---STEP---
V 0 -95.485578 -70.282416
V 1 78.036032 63.103227
V 2 64.082568 60.162239
V 3 58.274194 75.116187
V 4 64.393177 92.883851
V 5 77.243891 79.131470
---STEP---
V 0 -95.533565 -70.324556
V 1 78.071225 63.134161
V 2 64.117986 60.192091
V 3 58.308482 75.145596
V 4 64.426152 92.913727
V 5 77.277894 79.162334
---STEP---
V 0 -95.580832 -70.366064
V 1 78.106399 63.165079
V 2 64.153386 60.221928
V 3 58.342754 75.174991
V 4 64.459112 92.943588
V 5 77.311879 79.193182
---STEP---
V 0 -95.627390 -70.406949
V 1 78.141555 63.195981
V 2 64.188767 60.251751
V 3 58.377008 75.204372
V 4 64.492056 92.973434
V 5 77.345849 79.224015
---STEP---
V 0 -95.673249 -70.447221
V 1 78.176693 63.226867
V 2 64.224131 60.281560
V 3 58.411246 75.233739
V 4 64.524984 93.003266
V 5 77.379801 79.254831
---STEP---
V 0 -95.718421 -70.486889
V 1 78.211814 63.257738
V 2 64.259476 60.311355
V 3 58.445468 75.263092
V 4 64.557897 93.033084
V 5 77.413737 79.285632
