0 92 54
1 42 36
2 -11 17
3 -65 1.2
4 -1.2e+02 -12
5 -1.7e+02 -20
6 -2.1e+02 -23
7 -2.6e+02 -22
8 -3e+02 -16
9 -3e+02 -49
10 -3e+02 -75
11 -3.2e+02 17
12 -3.4e+02 49
13 -3.4e+02 78
14 -3.5e+02 1e+02
15 1.6e+02 30
16 2.3e+02 3.5
17 2.9e+02 -24
18 3.3e+02 -54
19 3.7e+02 -87
20 3.9e+02 -1.2e+02
21 4.1e+02 -1.6e+02
22 4.2e+02 -1.3e+02
23 4.3e+02 -1.1e+02
24 3.9e+02 -2e+02
25 3.6e+02 -2.4e+02
26 3.5e+02 -2.8e+02
27 3.3e+02 -3e+02
28 1.8e+02 -25
29 2.7e+02 -1e+02
30 3.5e+02 -1.7e+02
31 4.2e+02 -2.3e+02
32 4.9e+02 -2.8e+02
33 5.4e+02 -3.2e+02
34 5.5e+02 -3.6e+02
35 5.5e+02 -3.8e+02
36 5.8e+02 -3.2e+02
37 6.1e+02 -3.1e+02
38 6.3e+02 -3e+02
39 6.5e+02 -2.8e+02
40 61 1.4e+02
41 26 2.3e+02
42 -14 3e+02
43 -58 3.5e+02
44 -1.1e+02 4e+02
45 -1.6e+02 4.3e+02
46 -2.2e+02 4.4e+02
47 -2.3e+02 4.8e+02
48 -2.3e+02 5.1e+02
49 -2.8e+02 4.1e+02
50 -3.2e+02 3.8e+02
51 -3.5e+02 3.5e+02
52 -3.7e+02 3.3e+02
53 36 -18
54 -21 -85
55 -80 -1.4e+02
56 -1.4e+02 -1.9e+02
57 -1.9e+02 -2.3e+02
58 -2.5e+02 -2.6e+02
59 -2.6e+02 -2.9e+02
60 -2.7e+02 -3.1e+02
61 -3e+02 -2.8e+02
62 -3.4e+02 -2.9e+02
63 -3.7e+02 -3e+02
64 -3.9e+02 -3.1e+02
65 35 1.2e+02
66 -21 1.9e+02
67 -74 2.5e+02
68 -1.3e+02 3e+02
69 -1.7e+02 3.4e+02
70 -2.2e+02 3.8e+02
71 -2.1e+02 4e+02
72 -1.9e+02 4.2e+02
73 -2.6e+02 4.2e+02
74 -3.1e+02 4.4e+02
75 -3.4e+02 4.6e+02
76 -3.6e+02 4.7e+02
77 -24 32
78 -1.3e+02 3.5
79 -2.4e+02 -31
80 -3.4e+02 -67
81 -4.3e+02 -1e+02
82 -5e+02 -1.3e+02
83 -5.2e+02 -1.5e+02
84 -5.3e+02 -1.7e+02
85 -5.5e+02 -1.5e+02
86 -5.9e+02 -1.7e+02
87 -6.2e+02 -1.8e+02
88 -6.4e+02 -2e+02
89 1.4e+02 1.6e+02
90 1.9e+02 2.7e+02
91 2.3e+02 3.6e+02
92 2.7e+02 4.4e+02
93 3e+02 5.1e+02
94 3.3e+02 5.7e+02
95 3.5e+02 6.2e+02
96 3.4e+02 6.5e+02
97 3.2e+02 6.6e+02
98 3.8e+02 6.4e+02
99 4.1e+02 6.6e+02
100 4.3e+02 6.8e+02
101 4.5e+02 6.8e+02
102 1.8e+02 99
103 2.5e+02 1.4e+02
104 3.2e+02 1.7e+02
105 3.8e+02 2e+02
106 4.3e+02 2.3e+02
107 4.7e+02 2.5e+02
108 5.1e+02 2.7e+02
109 5.5e+02 2.8e+02
110 5.7e+02 2.7e+02
111 5.9e+02 2.5e+02
112 5.5e+02 3.2e+02
113 5.4e+02 3.4e+02
114 5.3e+02 3.7e+02
115 5.1e+02 3.8e+02
116 90 -47
117 83 -1.4e+02
118 73 -2.3e+02
119 59 -3e+02
120 42 -3.6e+02
121 22 -4.2e+02
122 36 -4.5e+02
123 47 -4.7e+02
124 -9.4 -4.5e+02
125 -37 -4.8e+02
126 -61 -5e+02
127 -80 -5.1e+02
