e1 0 1 10.0
e2 1 2 10.0
e3 2 3 10.0
e4 3 4 10.0
e5 4 5 10.0
e6 5 6 10.0
e7 6 7 10.0
e8 7 8 10.0
e9 8 9 10.0
e10 9 10 10.0
e11 8 11 8.0
e12 11 12 8.0
e13 12 13 8.0
e14 13 14 8.0
e15 0 15 10.0
e16 15 16 10.0
e17 16 17 10.0
e18 17 18 10.0
e19 18 19 10.0
e20 19 20 10.0
e21 20 21 10.0
e22 21 22 10.0
e23 22 23 10.0
e24 21 24 8.0
e25 24 25 8.0
e26 25 26 8.0
e27 26 27 8.0
e28 0 28 10.0
e29 28 29 10.0
e30 29 30 10.0
e31 30 31 10.0
e32 31 32 10.0
e33 32 33 10.0
e34 33 34 10.0
e35 34 35 10.0
e36 33 36 8.0
e37 36 37 8.0
e38 37 38 8.0
e39 38 39 8.0
e40 0 40 10.0
e41 40 41 10.0
e42 41 42 10.0
e43 42 43 10.0
e44 43 44 10.0
e45 44 45 10.0
e46 45 46 10.0
e47 46 47 10.0
e48 47 48 10.0
e49 46 49 8.0
e50 49 50 8.0
e51 50 51 8.0
e52 51 52 8.0
e53 0 53 10.0
e54 53 54 10.0
e55 54 55 10.0
e56 55 56 10.0
e57 56 57 10.0
e58 57 58 10.0
e59 58 59 10.0
e60 59 60 10.0
e61 58 61 8.0
e62 61 62 8.0
e63 62 63 8.0
e64 63 64 8.0
e65 0 65 10.0
e66 65 66 10.0
e67 66 67 10.0
e68 67 68 10.0
e69 68 69 10.0
e70 69 70 10.0
e71 70 71 10.0
e72 71 72 10.0
e73 70 73 8.0
e74 73 74 8.0
e75 74 75 8.0
e76 75 76 8.0
e77 0 77 10.0
e78 77 78 10.0
e79 78 79 10.0
e80 79 80 10.0
e81 80 81 10.0
e82 81 82 10.0
e83 82 83 10.0
e84 83 84 10.0
e85 82 85 8.0
e86 85 86 8.0
e87 86 87 8.0
e88 87 88 8.0
e89 0 89 10.0
e90 89 90 10.0
e91 90 91 10.0
e92 91 92 10.0
e93 92 93 10.0
e94 93 94 10.0
e95 94 95 10.0
e96 95 96 10.0
e97 96 97 10.0
e98 95 98 8.0
e99 98 99 8.0
e100 99 100 8.0
e101 100 101 8.0
e102 0 102 10.0
e103 102 103 10.0
e104 103 104 10.0
e105 104 105 10.0
e106 105 106 10.0
e107 106 107 10.0
e108 107 108 10.0
e109 108 109 10.0
e110 109 110 10.0
e111 110 111 10.0
e112 109 112 8.0
e113 112 113 8.0
e114 113 114 8.0
e115 114 115 8.0
e116 0 116 10.0
e117 116 117 10.0
e118 117 118 10.0
e119 118 119 10.0
e120 119 120 10.0
e121 120 121 10.0
e122 121 122 10.0
e123 122 123 10.0
e124 121 124 8.0
e125 124 125 8.0
e126 125 126 8.0
e127 126 127 8.0
